$ 1 0.000005 10.20027730826997 50 5 50 5e-11
r 304 48 304 192 0 2000
r 240 -48 240 48 0 6800
r 176 48 176 192 0 18000
r 464 192 464 288 0 8200
370 176 192 240 192 3 0 0
370 464 -96 464 192 3 0 0
370 112 -96 240 -96 3 0 0
v 112 288 112 80 0 0 40 5 0 0 0.5
v 112 80 112 -96 0 0 40 5 0 0 0.5
g 112 288 112 352 0 0
p 240 48 240 192 3 0 0 10000000
w 176 48 240 48 0
w 240 48 304 48 0
w 240 -48 240 -96 0
w 240 192 304 192 0
w 112 288 240 288 0
w 240 288 464 288 0
w 240 192 240 288 0
w 240 -96 464 -96 0
o 1 64 0 4099 10 0.003125 0 2 1 3
