$ 1 0.000005 10.20027730826997 50 5 50 5e-11
v 208 320 208 80 0 0 40 15 0 0 0.5
p 288 80 288 192 3 0 0 10000000
p 512 80 512 192 3 0 0 10000000
370 288 192 384 192 3 0 0
370 416 272 448 240 3 0 0
r 416 272 288 192 0 5
r 384 192 464 192 0 4
v 448 240 480 192 0 0 40 1 0 0 0.5
w 464 192 480 192 0
w 480 192 512 192 0
r 480 192 384 112 0 10
v 288 192 352 112 0 0 40 5 0 0 0.5
w 352 112 368 96 0
w 368 96 384 112 0
w 208 80 288 80 0
w 288 80 512 80 0
w 208 320 416 320 0
w 416 272 416 320 0
o 11 64 0 4099 20 1.6 0 2 11 3
