$ 1 0.000005 10.20027730826997 50 5 50 5e-11
r 80 128 80 272 0 9000
r 176 128 176 272 0 9000
r 128 16 128 128 0 12000
r -112 16 -112 128 0 24000
r -224 16 -224 128 0 24000
r -176 128 -176 272 0 12000
p 16 240 16 128 3 0 0 10000000
370 -32 160 -32 16 3 0 0
370 -112 16 -32 16 3 0 0
370 -32 16 128 16 3 0 0
370 80 272 -32 272 3 0 0
370 -176 272 -32 272 3 0 0
w -224 128 -176 128 0
w -224 16 -112 16 0
w -176 128 -112 128 0
w 128 128 80 128 0
w 128 128 176 128 0
w 176 272 80 272 0
w 16 240 80 272 0
w 16 128 80 128 0
g -32 272 -32 320 0 0
v -32 272 -32 160 0 0 40 5 0 0 0.5
