$ 1 0.000005 10.20027730826997 50 5 50 5e-11
p 176 80 176 192 3 0 0 10000000
p 176 224 176 336 3 0 0 10000000
r 272 80 272 192 0 40000
r 272 224 272 336 0 4000
370 272 336 272 432 3 0 0
j 384 192 512 192 32 -4 0.00125
p 384 112 512 112 3 0 0 10000000
p 496 256 496 336 3 0 0 10000000
p 592 112 592 240 3 0 0 10000000
r 544 160 544 64 0 10000
r 544 336 544 256 0 1000
370 544 336 544 448 3 0 0
370 544 64 544 0 3 0 0
w 176 80 272 80 0
w 176 192 272 192 0
w 176 224 272 224 0
w 272 192 272 224 0
w 272 192 384 192 0
w 384 112 384 192 0
w 512 112 544 160 0
w 512 176 544 160 0
w 176 336 176 432 0
w 176 432 272 432 0
w 272 0 272 80 0
w 544 160 592 112 0
w 512 208 544 256 0
w 544 256 592 240 0
w 496 256 544 256 0
w 496 336 544 336 0
w 272 432 544 448 0
R 416 0 416 -80 0 0 40 22 0 0 0.5
g 272 432 272 544 0 0
w 272 0 416 0 0
w 416 0 544 0 0
