$ 1 0.000005 10.20027730826997 50 5 43 5e-11
r 192 128 368 128 0 1000
r 368 128 368 288 0 1000
r 368 288 192 288 0 1000
p 192 64 368 64 3 0 0 10000000
w 368 336 368 288 0
w 192 288 192 336 0
w 368 288 416 288 0
w 368 128 416 128 0
w 368 64 368 128 0
w 192 64 192 128 0
v 192 288 192 128 0 0 40 5 0 0 0.5
v 608 288 608 128 0 0 40 5 0 0 0.5
r 688 128 688 288 0 1000
r 768 128 768 288 0 1000
r 848 128 848 288 0 1000
p 736 128 736 288 3 0 0 10000000
p 816 128 816 288 3 0 0 10000000
p 896 128 896 288 3 0 0 10000000
w 608 128 688 128 0
w 688 128 736 128 0
w 736 128 768 128 0
w 768 128 816 128 0
w 816 128 848 128 0
w 848 128 896 128 0
w 896 288 848 288 0
w 848 288 816 288 0
w 816 288 768 288 0
w 768 288 736 288 0
w 736 288 688 288 0
w 608 288 688 288 0
p 416 128 416 288 3 0 0 10000000
p 368 336 192 336 3 0 0 10000000
